G0024173_1233 528 66 609 120
2019v200717 1838 496 1971 586
G0024173_1233 528 66 609 120
2019v200717 1838 496 1971 586
2019v201143 3478 913 3768 1121
G0024173_1233 528 66 609 120
2019v200717 1838 496 1971 586
G0024173_1233 528 66 609 120
2019v200717 1838 496 1971 586
2019v201143 3478 913 3768 1121
G0024173_1233 528 66 609 120
2019v200717 1838 496 1971 586
2019v201143 3478 913 3768 1121
G0024173_1233 528 66 609 120
2019v200717 1838 496 1971 586
2019v201143 3478 913 3768 1121
G0024173_1233 528 66 609 120
2019v200717 1838 496 1971 586
2019v201143 3478 913 3768 1121
G0024173_1233 528 66 609 120
2019v200717 1838 496 1971 586
2019v201143 3478 913 3768 1121
G0024173_1233 528 66 609 120
2019v200717 1838 496 1971 586
2019v201143 3478 913 3768 1121
G0024173_1233 528 66 609 120
2019v200717 1838 496 1971 586
2019v201143 3478 913 3768 1121
